$ANSIBLE_VAULT;1.1;AES256
35356663613366326339366465333766363364386230333631396533306632356633306236656461
6135376265303135666562353232643630373263326266610a653731643461383862613632346336
63633835336331383266393130666135653334346337663933353133333833353338663634323665
3732356139303232390a363833323066323930666563326438663733333665383734616664393730
36323266336261653935323534653332396464356361656662343033643531353830316232303939
35316234363537376235313935333231316232653131663363323739663038366636396238363339
38653665633837343561653137633731653464656533346337643366653536373633623533363765
34373535393964656566636139663438316365333861316630383330653461343231353763653839
35656631326438303236313661316339303466336365363037316636383066376435666462373333
36626164303766326433316135643032653561326638316462313864633963343539663033323838
63343361333730653130353264326430666338646133653964363839636432396231396635313730
34373236396462343261396538613766306561663363376131306235626333363731666437653238
62326565633063393438653535633835346162363930373563393662396565666265373264306531
63323966633039613762333138623865363664326264313165313037393937343733636532303364
38333437373964633135343935353133383063363066373132306464393432386165613264303237
66383131356639616533613165666231353533393435366563303234303032303535666535646335
38616539313734623231313565313737643264356539663761663161326664306136636533346465
33633531393863353864383234383630663935653233393139633031626565633336666234313232
39353335346330323238306163393739373936353863653061613634643964623434323832393365
31336238633031636537383132643735356635656133346330633732383731623734393066326361
62643662646130363338353634613736343031613731383562303836653333396362383638383164
63613065313237303230646537316465396431343837653962313264303566343631666237623930
37313334393665626535323831346264656161346531333433333166333863316533336431303237
37633665333836623465306664626338663633653561303733626434306261356534316136363664
33333361393761643334333266386565646136373835626265353965663134306439303737636536
31653639343936666239373338353565666330346433633735656633316338336132646232646436
63613335636362363136383539356465366535356233383539663464363934323962306564636335
61383935306463633332623864643133303135366263633564376234653933373737363035303631
39376636636138646262366533623862613464363838383764663035353839336632356432396230
30663861616230376431636634383161353536623138666366313738666265663932616461316234
35626639633465363739393637346465393366303836313135616563643461353637636338313265
30646236663536623266333132313762653538636536666536633135306564373535336565333738
62643534356639613062353536633235373935663036393466643233313364313861663464346233
66656266363932323763393762613637633666626363356331626236353030636330356466663431
61363866333263643633303164396530343839326231383165636139373764346630633866316239
33663737383330343432323831383131393332346331386263616334306664363331363262396237
65323461313635656239353832306139623034656461633833313539306262303037653638363432
61346563383236363030303231666133373165366463366636636363323266613332323331356333
30316366393734383265633134373630353834633639666562373566643130323062623039366565
38333134346137383135333466353337663831313438633934366463396539323933323339383332
62366562363464346133313938643264623530393533636135633866346432613731356466343236
36326166313637356538316637616463653434383737613636393635613238616439303137303161
31636230323531383564366563316162326530356237383365666530353034363563643366303361
35653636646334663630303965306236353462303938633037343062303139653862636638626331
32333638383466383465643039323765633338383034666537396166303861373862633364653361
39333633333462656663643631653831343232396131393031323366343764376264613033646236
33653234303561323138316134616137363762366565653237313536626663623965306564313630
30313164313936626363376233383061663830366162633461313832626163303665333739336165
63393630306438653339316136373738656364646330336234643766346338366132346562343238
30666436336235306331353962653839306635613136666261383434663735643732313464393265
36646332656264376637313463373832616431306538313661363935643931643163666133643832
31333631363431353633626532666564643662306164346462386562306631316432313636663861
63666563653234386566313563393763616135333835383730616663326362643339616464353030
37373130626137326638323331666364323635306533643638636364313066343162346433363936
63353537633638636662356539393331333662626432623934313834663336376563393963653739
65313764353561393633653033633337346539323061306238326263326262323365333361323164
38666534333031346137346134363032643366313265616631656135656339646138623431363534
62303236613533613031636537316666623337393032326666623366643438316564313838643165
66626166623735343834663436363435613961386239356332303733383337303137343366313533
63393761663032636532616638316634356338346336663536666633333866393034636431373136
34346562363832373935363062396234333762653037383364663263663963343634343666303936
64643339393666653833366435343463303964643431633263613532346163663235393233663762
62343036363635613137396534633839616138653066366631343230306634616633326333613438
65336237303061393033333764383465666165323864353366643739383133323462353838353632
31323338346263383664303331313530633038323031623966373037346166353732303838616466
33386366663935386362356561623030633231376234616335383834396639346236393637376634
31333930393861383436666137313063393062636438363361383839333863663135303631663936
32303834343333336230386231363834346566313437346336323634376136386563626431626139
37383361376637396132353139613131646231323332656437336437323935303966616565393466
36626664333861626530316338336230333832653632353836636361393934656162376362383735
37363632653238626263313436313631383664396535616463663464393362333433653136336564
39646362366335653435343030346665313431333133396238646432313232666533383538326337
35376563323337316165336534613234326661343038356264393034623636376639306639326139
3339306330373035393233643533336530376436306465306236
