$ANSIBLE_VAULT;1.1;AES256
32363663313665613037356231343231303065376337633431383135376262643262333732613130
3531303032393033393632663030343134316133633037310a353538633232663462613034636665
61346238643639393965626363346333633461353330666630653236366635656333363931643831
3331326639386534310a373430363866306165626663343864653136306162636234656432313339
63393839306664393765376165663264633033303932303432613237623265303166376465386465
33633831393362383432363737636565633165383832663630336663623431346532376431303834
30343565643832386163643233363332386436383635643339616565663237663666353930353735
38363939636263306664373138353363633865306135393339653430623761383962333562653261
36663061313064386238356135303839376538666562376465373163343238656366666366653034
31306331613933386639353764383562346335353334383238366166373632633935646561373031
31306164356464383762656461363137613861656130333836383439333663366637376130393964
34373632653635306437666466383030336132393866636433346265363534326162333365313138
65633663363232303737663038366366326435633737303634316233353636383763393837303466
61616234383965343137633131356364633264383637373131626631313131343434663039383237
65336637306339393437353837376331386132393265643063626337376562623366623037356261
37336535666634326434666536333838643136393764373966383733613138373930666330306162
36646461646465383166363265643335313962633732326136343939616366623363623162636130
36353066656438666263623135646134316237366461343736613130383430663332363665613966
30396431393339366663316664396134356362653738663835343263313639323866633038633163
62383430373835303330
