$ANSIBLE_VAULT;1.1;AES256
35623565623733623233656666306137626139343165636262333861313762366339393833323335
3064616130376265316432653964303465666530393062340a623462343366663534333735366237
65626437616639333234393330633933333465613262626334386334303763396362636334366164
6633313039356432660a366335356264303734313665346562666437653563653832633632393064
33633565646536616636313331343233316630316232643439363665663263383966616630363365
35303130323766383931633734653061626162373831643130623362393666326538306633626630
39623664393433653065366635363330633136663931666633353030343537663563373565373061
33343930633836343631636261376364346432316561353034656564366238306536636337356462
39663165613165323334366236383836306565636262363962643465386539353739383162666636
37333565393861623630663735313637623562346136653934323430306330623563343931363333
61663536313532303030336339613838656434376362353561663632313135666363636664623632
39376134666633303164643562346331626262346166333965346164643037643465323465383735
35316537363139653336663038396161326136383562363132666332303763616335303262393638
31643532623664646564316635343161393237656334646239383263313535343733356463393630
35396564313062306630313737656266396331613533643738343461323937633239383566343134
61373664353862633236613835653636326638333236386161626534383339306361316163313764
66343433616361653330303339366239383635376339666434363265383563613830316366383333
33333538303866346161333662353233666365636532303266326432613135353232613233633261
33363566383861356565663165313539383731653032653363653635333033336237393332356433
65343936353638613232663930363034653237346536653330666137663232623764613164383565
65326434313433666435373134326566333731393032313166613266666266303939666666313437
61626634393831333261666464663164646161376132373739396261326336656132613533623362
61356536616163386531666437616132393436353830393966386234613732363033383964366134
63336135363262376336633462363931383932326164643330663561623063363838303935316236
65313231636538663866373766623030626464303937306532626539353639626132633730623332
33306433323165373132316565316330363965646632643431643538643962396563376262613263
64613861343232633638396461633939386530643266646534666464376238323439356266663630
34636438623164396434303135373838396462346131323236623461663865626634363138613931
36333739623437346165383461646631616238666562636433616162663462326333623664643931
36366264316333353565373032343666346330356232393539316666343965393363346366633165
61303063336261643337316337363631383936363832613131373631336538353435363938616138
31336133313737343539383333666565303832333931646335623638323962626536396365666462
63316535333436646432396166653838393038333962323261356432303631366439663237636264
36373663393637626433323330373230613536323034386332653863363435663266313435626265
65343436336139623033373635386361333038363663316339663066353064306265663539343364
32333365363138386431653030623639303336663439333733353365653839646166333832633334
61613961313136363236633336646532363036353563616232343431303731613438643233313138
31393035656339383538353164643263313764373462656630383864616538336638613038323635
39366663336237336365613961353934666237326261333365363564383964383033666139353364
33306333346361383161616437633435623933316339363430383630353665653265396362643039
36643630326265663132366261623531626330303161636339633037663866353532653832316361
39356437313034373138643333376666336266373136373664386235303539613338306433666333
62353230623964306565356364306533663637326661313266633134376437353639613463626661
30376634336336376133636363613665313937316236636634363765613466323035386335363261
33343265346665663832353734343536623336333566356231633035343138386131343738373232
65626462393766366630623337323234353362323461666639623531383438616163623063326362
38363037386530343231656330326533303764616436323336363631643138653236323133386337
30643638336263383033623434636330623933373630666338653263626562646131663433663231
64393535643262303331303037626364653138313233623630306235653533383732373539393362
62373232366666356533376664366463626461376262613538383865346236636162366134643565
63643265366537313432393531623335616330303261623865626431666534323231323062383865
36333637643739366561663962626631346565383862623032303230373635653332376462656263
64386162326363663431303962336134303732313265303935613166366337623862306435336330
31333764396262343063313661336664386635613730313834613636613537636637383262326635
66663538303038393932636365346562373365356133356362616338303065363335316634366636
30346335323330313739376361646638363266386430636461383266613462326630666536356639
66373136306334313832363035353930323831376136373230633434373136323133313131323437
35613737613363313466383034613561386533373031613464373032656266333532313631383133
33663839336463363634616131333934313661353336646134643665666531316434633136653361
38376164376534646535323664346665333833646334623137643239376631393264653562366234
35363266373130646464343035386664323034373338336135656435623363313539323966343333
35333565313638306234373839386632383031356433363363666530636236306431373331393431
63303533373366663838663234623139303934356436623066376132393432303066393564613935
38643738363231303165396366663034383366663262323862393839356266313962333335373432
61306531666265626262363634663166653635623732623738633935643134306361373132333133
63616334353330356362303635663865323163383837316536306233373935363933303861383131
39623934323833333965303738373965316435626466353236316430356465386334623731383135
34363936666265633739353939613336383361393937623337313465316562346533376365336166
35653539303032663134326365626337386237656363356132386630393366363965333936363034
39363638393932336162616266623064646436656430666165343736346261653764656632626133
35393838353132373262363838653331396366623261643663326538306636303035303566363437
66613362373361396131353033313461623631336266333366326538366433343731626461363038
62623665333039396434376438326463396134366235356130636464616138393530373038626133
63303432633565366631333762663531383737303232626133653466356666393761376338336333
37353662393663336639326661343163656532653830666132306436383237313862663234333763
62343565636634636438623463323739663530336137363166333738663530343635633561323236
39366231613734613863626436656135646434643434383135366138396131396437633362386566
32336436623731346333353765623463306464316164333731663163643430366430353536653538
33336331666530643930363963393836333066633861326430366632393635396234343065386438
36626661643266666233316535663666393635663464316666323366383063326566616137353235
32383633346535663235616336663062343731313330393534356466656161373134346361393139
30643636373236323033353130613635353365393135366230663663353862303435353135363463
61626664346335323665356665383962316330383534303565323164616435373238306364646562
30376431613035626338616138313462613361643134646339633562346435666538336466303662
30633863643137363365373837653931653031356166383439376662613235336362386533396533
62323538636237386265636238303262626634303833653830333234306163383939653266373037
62323632313633313361346438643533353533346536313335663562663234386537363637356130
65373037623133646566313730613233663865646262326339336663326563633864363962343839
64656132393434633932626665333333393037383866303334633864333861623532353764656334
34396232356437393062313563616535636462613363336430373463373034666433373030666331
31366335656537623963303734323264656461653433643837666230353934633364393765316233
66326137666431333564393761326539626337373133323039626535303366376639363365313230
33373461383039316333396531383933653130323832323831313963653631303634303137623165
30313062393064333539383033663832643466613365393265353938663634656432326662363461
363534333864363930316332666636613163
